
19535360
18927849
9494490
7228230
10876473
9319650
23290950
8578815
15526507
15241369
18128946
24667754
8840724
13970450
5637456
17041358
22572101
13808032
12329597
1032604
19892094
10327651
10266385
15906064
3651747
18715094
9874889
17435738
17473130
23242335
17217767
5066387
8595775
15443516
7294550
17483017
12950121
12735067
5399214
20810939
5119927
537015
14193232
21388807
1769287
16328089
766620
14209160
8600147
3366727
14969289
4873264
1540169
14622262
7778861
2560452
19917314
10739177
6647917
18631472
13694205
8862086
19055861
18134426
3486260
5950945
4422683
23969664
7867928
19476007
19817169
3690606
15603610
23640166
1665863
682171
5103198
23483908
21821844
14486118
22205276
19671344
4832271
23855093
16537118
8311884
9601551
3755410
15446962
20370590
8042235
10529206
7515620
20432047
9588695
4905744
1604021
3760790
6734286
15583247
24805115
17936606
2220700
24165168
15328605
3825474
767818
8079118
24212845
13328578
13434554
23595014
7143786
20191212
19650991
13340074
13847269
6481477
5307967
23899880
9324975
5372062
12364970
2516551
2074049
14188935
20671597
3819042
21284363
13517584
555421
19456233
16959410
20842773
24320333
2420175
22109141
16515342
2736711
13571750
13930530
3698925
8553876
15405131
12736904
19430440
7802858
21905374
5986263
19389811
22044833
6964038
1784228
4245004
22482572
11797485
24905303
15078120
17483130
23703402
23511467
743072
8009642
20983236
11547304
13766444
5130430
11632700
4859979
24357392
20533927
20161177
22093289
23012709
17389200
24958600
22904454
24114701
23407621
11152637
5016044
15574040
8787579
15789109
14648530
21660298
4559899
8034099
306964
21524055
7548786
2344797
7240767
17743701
10284454
9643598
17441583
2750391
20682500
9337101
615307
1073519
6997521
2184952
14858635
13215800
14874667
23038670
15232470
9247762
15760747
24700172
10602183
21911054
19640712
18879877
12290433
19664877
4044334
6222338
17380620
16971942
7077501
21348821
10100562
3202508
13409141
23839698
11744653
10482632
15668814
17483521
15542574
13667631
15369126
6029113
20078381
14606760
6339623
15179516
17871384
24742045
3648112
2824535
11148283
925412
